[gd_scene load_steps=10 format=2]

[ext_resource path="res://Assets/sky.jpg" type="Texture" id=1]
[ext_resource path="res://Player/Player.tscn" type="PackedScene" id=2]
[ext_resource path="res://Player/Zombie.tscn" type="PackedScene" id=3]
[ext_resource path="res://Game.gd" type="Script" id=4]

[sub_resource type="PanoramaSky" id=1]
panorama = ExtResource( 1 )

[sub_resource type="Environment" id=2]
background_mode = 2
background_sky = SubResource( 1 )
background_color = Color( 0.52549, 0.556863, 0.588235, 1 )

[sub_resource type="PlaneMesh" id=3]
size = Vector2( 20, 20 )

[sub_resource type="SpatialMaterial" id=4]
albedo_color = Color( 0.286275, 0.313726, 0.341176, 1 )

[sub_resource type="ConvexPolygonShape" id=5]
points = PoolVector3Array( 20, 0, 20, -20, 0, 20, 20, 0, -20, -20, 0, -20 )

[node name="Game" type="Spatial"]
script = ExtResource( 4 )

[node name="WorldEnvironment" type="WorldEnvironment" parent="."]
environment = SubResource( 2 )

[node name="Ground" type="StaticBody" parent="."]

[node name="MeshInstance" type="MeshInstance" parent="Ground"]
mesh = SubResource( 3 )
material/0 = SubResource( 4 )

[node name="CollisionShape" type="CollisionShape" parent="Ground"]
shape = SubResource( 5 )

[node name="Player" parent="." instance=ExtResource( 2 )]
transform = Transform( 0.766044, 0, 0.642788, 0, 1, 0, -0.642788, 0, 0.766044, 0, 0, 0 )

[node name="Zombie" parent="." instance=ExtResource( 3 )]
transform = Transform( 0.766044, 0, -0.642788, 0, 1, 0, 0.642788, 0, 0.766044, 5, 0, 0 )

[node name="Camera" type="Camera" parent="."]
transform = Transform( 1, 0, 0, 0, 0.965926, 0.258819, 0, -0.258819, 0.965926, 0, 5, 10 )
